0.
0.0019089485090866404
0.0044213419210412976
0.0076640883852940635
0.011784161047774563
0.016950846739273932
0.02335810552044675
0.031227022292868282
0.04080832648857094
0.05238495022670933
0.06627458933122661
0.08283222531254716
0.1024525599246958
0.12557230733330912
0.1526722824077244
0.1842792173408872
0.22096723288368975
0.26335888515360506
0.3121257044552815
0.36798813906002875
0.43171481466722245
0.5041210195523593
0.5860663264299097
0.6784512650509661
0.7822129647258397
0.8983196934951845
1.0277642307216626
1.1715560225474881
1.330712085020993
1.5062466377388162
1.6991594715147054
1.9104230767340604
2.1409685844705013
2.3916705998308814
2.663331035979301
2.9566620874073974
3.272268511726436
3.6106294199414704
3.9720798051480237
4.356792068131713
4.764757824673866
5.1957703026696676
5.649407656641519
6.1250175420853274
6.621703301563875
7.1383121178618465
7.673425486227024
8.225352347234173
8.792125203743824
9.371499519558618
9.960956663644678
10.557710622306194
11.158718652793812
11.76069599600677
12.360134703931623
12.953326570159565
13.536390080339483
14.105301225024528
14.65592794147425
15.184067875121768
15.685489077233962
16.15597318446211
16.591360560193586
16.98759681853254
17.340780100946365
17.647208434582232
17.903426471290903
18.106270888596576
18.25291372908804
18.340902963572525
18.368199586129975
18.33321058591881
18.234817190877383
18.072397841677624
17.845845429437777
17.555578416509988
17.202545554566385
16.78822401641265
16.31461086545458
15.784207897367326
15.200000000000001
14.565427287570607
13.884351371455242
13.161016230103895
12.400004232696592
11.606187953137159
10.784678481141317
9.940770994052391
9.079888395457461
8.207523853857012
7.3291830860912714
6.450327225836134
5.57631709750128
4.712359680894072
3.863457502987477
3.034361631285633
2.2295288701216753
1.4530836784811785
0.7087852375322455
0.